$ANSIBLE_VAULT;1.1;AES256
33383232326265356261636238363561613536616138343264623730643737356164346363373164
3162353337666464656231633436623365333631363737340a386630366562383064343137646166
32646234613630303232363365373934613565366534613161613138346239626337663562386532
6339653561323962360a323665303161353138333236393737366131316330663566313135373638
37343539303964666565343663316466383630306434373438663031666464323561663761633432
30383964393161633764386633616234393433663738616234373930386434343535303662313033
63626330653032333831653165343861646532363636633565653030653566633261353165306165
30383736633863313833663635613365623831313164373563653364323865653863343137613634
34323333323864383362333738333162376663343466323137633438313631623237326330346331
38646363306361376466393239666161633362653332313537353936636462383738623238356663
65633865356665633135356263303962356132333330366336313366646461616336323065303933
35343364393930393337303633313333626137343266623631356466383330633266653836643635
34656536353438663265313034316161323565616266306139303761386130636161633735313631
33613433386663333864366433356439386465303631656465353634623937303862323731306261
36306662643337653663366236643432393964623133383964613432373634396463643738623733
36393337366231643535613561373737306235653537636332633733663531613461333763376136
62343937656165613836633434663832303334393839336439666335346361323732323738633665
36656564343637353161306462353062353364333162373065633934656564383364376464373030
36373762386537306665356461623065386666303730366533663337643432653561643565393230
35343565626136303739343632313138663864393837323530623836623963613530623339653532
64303039626538643765323966343338653630313736393737636235643239343263646564626231
33643035326536623337616539623339383732306661323761643561613966393862386566656261
36643137326463376466346162376135353834623263663337653535396535363830623935653334
34653632623739633730393231363035646361333131316230353765646137636538373062653133
39316431376564303037656633303266643233323966323435333061336461656531303165306632
37613530336333313062373631383530306538636263363936326431333764346138343632656436
34643930393962636565343637363031326163666534363337326333353531333136323938326162
35373734383266303732313264356265396532666664366339356462663739326331626561386532
33643365653539356665396463336138653966313365396233383936366537633631333338343064
30313665383238396531306464643338323330663066323566666432643839366532616264343766
61353036656532363061633033313237646462356166653039343339663934343861393364303064
39366338663430383763613638653366396436316162366130613861306231313964373165653635
38363333376162303064643935303938353737356631643362393231323138373261633265343433
63386230313335666133666663313661366366386165383934376230386333613431343161316439
64653133346639666261623161653763383039663264396638386331326461363537633936633865
62356366623036333335623931373665383631616433353838356230396566326566333031386534
30323238643332393635373538373661646439373664626337623231326232353966393864653731
38613536616262393166646665643735393261396666633839356166643065346464363762383866
35346332363161343033653661356230646634393539626230376638313532353864303464333339
31363266336266373965303537656661626666666330633964366434346264303933643937333030
31653965343333626666323438386564393861373237613234356565623562626165646664623933
39393261316134313136653966333733613334303264373238396437316363323664613366653963
34663935383532656665393766373662336535346634393265326261373039326238383739393865
35343233636464613634303163653761366237366563326662393765353261373562366161633865
66346264396231343234393436373463363063633363393237383366316265613736656132313566
32366636313330626630663366373664666466373933363037616439356330366638373139333661
346337663631376165653462353832646433
