$ANSIBLE_VAULT;1.1;AES256
62643331356333353636383566653338623262363934336263393937616666623330663130643335
6461613930653833336562306233616362363637396235620a313563386631646539623661376430
61356530663430386662666639373966623564623337643633636333376435633235316135663438
3038373335303932650a626263383864666566303765373036376237373562376231303539353635
33336364616566356336666565323262343430633234313863646135646436653766356466613132
38623765376237353332353137343734336536383361333832653933363833623630316633363536
61326437383361623462313337666132633432356134326336323633333863303963333166393130
39663638626166303163356135363730666638623131636165363437346336663266613031633333
62393636336130653662653734343731643733333733373136386331326133653033383233373666
35323337623739383164613330333861343432343738366634353133346335643738666464356661
63396464363261366232333932653134653666373765316639373733333932336334303231643062
39346662343866653839316131623939366635363263366334323465623764643034626438343130
63373665623037383265666666303238666461616330353832333639343332386333353261343538
61386164636239313834626464656138363662613238343936306230326133373066353565636536
35613564626661373132326264633065626530386164333162633138613262383363313961376564
64393434623633333166356364323462653066363134633835653530303237373563326138336364
39303862343464646331656635393533633935653463383563366664353532636130636663353861
34633137313461653930356366663461316261636638333630356464376364653530396230616130
39396636306431333932316334396662646633616562316362366231653162386465306664656662
35373561333366326536623063643564396266663966333062306666313431396466363063333034
38326434383363663630336461633936626464353838366238373963353936326432326638366435
34613533333633643238333563396631396239396434643338613537623662633864353430633436
30353363373136653532656261616132623330643230373138306638326639386564316532613136
31633533373234626330323931616535623533646534346431623661633931303038623435646561
61363235353935373539386230313864323136313037386563343532383932643338353935616464
63333733636162343035616632623632326431376330303962306462663764363631626437316134
62396630653466396435663636626631386530363865316339383735633364636339626661623830
66313135396133613666356561383430303763336131613839353932623265643339663333386536
35313930343532303738303430333938323830303534393635373762363932633865613263386361
64646539326538396364383963663636393638363538333039313330326439383861333565366133
38313138643266396236663435323838373066313035636532383936656164393432376436376566
64626565656437353538623231626637633062346335393936363430663432373463303037656464
37626632363737653330383435383764663138383931633464333035376230653964376639613763
36363631643736363965306631663534326433373334623462646563366137306635366433383933
32623132303264326332393164326239346539303966353263393639626438653766383535393834
61656464656266663338323466386365646430643366353034336239663535666564353564386633
31613033356431373162356638666662333838646164373864303134373131646635353836353836
64643533383631393630346262633236636162613862396134323965663633643937313830646463
64643562336131323033663961346334653338666164633034316465663330336238326365626236
30376139653839356139366163343236633261643539383238393165303330643062656163313863
32656432346563343736306531333630306333623064353033306135356265393639386533386135
36623663656439336630346337303539363130373066646133306230363565653336313034653261
37363762326639643935303461653564613032363636616265353636636337323132306332326231
30303062356136633662643833383864366530643233393163643765343462643331646163663966
64623932353666303134623866656266386361383134643639633535306630373135333833316433
65333239343066623866336137643362336635363634343862386436623762333230356436336233
63626535633730323337326635643434666432623461383336653530643033653066356335633135
33663832653535646531373565623839343961346431386135653731313164346238383936613965
32303138623766376262623666373835623637383563303739633461616262613732373439616534
66336162616533616164643963326230343636626566663462303262363836626339303964633166
31663834626335363132333738383334356262313264643232303763326235303965633961363237
62636335613930656133373061356362333930376464653137633930633764653632343431633336
66613232386536323732396261303162376362626430623665396636353032366463326565663635
62316366633638643831656265373433343838663138376461386631396562633632636135613766
63366334336232613234396664376564336364333562336635376233353363633163346436373764
38653839356463643262623334303131323738353736396366383062316262306337313138653130
37373837646433343232646337356432323534386163316130373938326635306363363261306530
33623662636561383531363566346530333932623531303065333437376638663762653331303266
66646534633334316466666538326331626364663838363562333733393838386132613531646563
66626664613934343963393864383430613662366237636234623333653562396263333132396266
34623462396230656437333832316139616461366464366437386437613863636164363936346535
38616165613761303037306233316665306430323234383539613331333734633663333764393738
38396530356239323130353934623730663561386635313432326362626539303438323563653062
35373531623430646634656337363065343261656565643537393063333137343237363738353739
64643834626663383366613839616165383635393233396535303838653638366438646138333565
66333665666431616137623636666564306665393338623861613762333332336232633137316162
65323934366266383937666430643435663138613039613061323761393838356134343936663239
65356635373666633962663030626531363961623862646161623965616438396261643634303838
62323136656338303765306261306565383163393633353966643535636134643964383264626133
35346363633366356264613036386336373966633938336362613431653936353732356465363532
63306335646465393964646130303833393335386662323063303839383031323838326333343866
33393438663430393561356534366133643737643730386138656634313137303135343961316666
32326465346237646163383732616261613866633639656135393563313139353631336565353438
34353933653936366536366362663438383430633938643264313264353038366430386366323934
30626231303530353836303666326130326531633131353835383666326236326266613238663864
39373337316664353039633961656164373839363865653564316166656664623438313133373761
62323534323262653632383134306236623563666334386334383364316662636336363535653231
61663235336637333864366532663137303463313363316437396137386238663637356466666335
65616363323732363166636164363563663866373064656531313036303266363536306433306239
38663431343064386231303162663831626638316430353838646536373938376162383730336661
31646538383233646137353132343566646333303736613739396239633265303562346634336431
30386530653435313565316637643530373734666263636463346538363531393031383963313862
39393832383261386138623132616661646436613463323232636136306363383264386565613734
65363962393838376633336132636432376332666238396564383637326535626665623463666665
66663661363764383037326439613139373539303532393631333066323534373263633339323765
64633464313832343532396664386334616634653363383730646537613034386636656336353932
32636666306662653630663330346162613664636134383262356262333964663565316363666561
65393630366132333234623539356366623839663864363930336334316434316635363238633833
66653336636532376331353565373134623932313633313430326334613134313266313039616132
36396336366431633238643233656339376237363764346538306165323861306634636163336337
33653862353164656536393430363730343166343435343963393264666335343530663538353662
35303934313663343363316133633730383133343166633565386665636238306535616434316166
36616163376330383461313537343537373131346233343730643665343561356134376439323134
63303362636339373238303961326165373538346161616137313566643634643138376462366531
35353738643265393832393964316465396663636665353165623338383465323539633038366531
39346233393563663538303539663434343931626261663063393734636630643165336632323430
63363166323931373438363962396461623134643937623466393730313035616636306665663437
36623864306639653166633830373361373237373137363533633235383735613932313736643362
34366135386630383966353036346134386463376534623530396632333932346531613935613965
35376232306165383738313034646131663265323564656365353639653830316365613533346533
63386431383439663437636163643638343662393535613165373939656663383533653639643235
62346664613765313564303235383533663338333939336630353034626133313630306331366437
31343434333161623131383032383133663561323666336461663133363138333862623533643238
36306130386637643365356535663637336538626262356136653463393461396531623531316638
64633762306465396232643534656261633564303865376561623739326363373566376363346536
31323936663762613335326330363166393838313237326436313565353066633533663133643733
64353362393931323165333561633433316435666438666439656538363833303836353031616232
34376363646265303763633335663761656338613137636366616337666333326561303031316666
30313866613862383462353463336130313338373037346634323666666135613035643538336464
65316234393263393538653366343535353664666563393837386462333065616535356235343965
31373339376533396533633537316332383939643339666336333337313038313065613832663663
39326530323831393732336561363735633264633961376465346462646664643136633735326663
62346337303937623738393462663936653230343666323265616263323465396463313063346163
39383635643266653430623532666564633263656163633130653631386439333430333937386263
65366133366664303166323935356566396537623034623565646635653734343135346163383563
63353363643166336333353332656338623462303061303939336336363462653831393765636463
37663861396462363531353565306238616334383862376532376464623432356131396638343233
31383461316563663739616265326362393530323934336334333939383466333931656661666361
61316265363639383232383962363564353631616563383366336661383830363261636536626139
38386532393064333535373834333462333538643837336664353131333231613734346138613435
65663032373931656130656137653932656233303230363562663563336238376464313039393631
32613735666661383565386462343730306164373833333965666536366664653330346664393064
62346234383164346434663161616438636163316536623663356535316431313832376234666531
39643162306465333935643037323735363234353837646639306537306464376664303531616633
32623366383037386362613837643536626562323337613839306266356563326662666666633737
35346330383866323933393635323065653762386237653263636334653730323834373962376634
63653663363264336662616133333064636562323066363066343236383131323933326436653161
63623863643837643433613635343064396465353666393731353133623365393031313661356162
30346432636337626565373533656363663031323062333239366434313933366561613364333431
63346231363534643935386130376437333339343538646565393036616538343435313634333062
30343963383763396236636361363836383861393966346263666165636135623965346665353865
33323137313237396337633832316166386464646166633738633437393838303462383536383965
61323335303039326366313766663266336563393365616664396530396233616438336332306330
61393931373432316663386566333764336437653337316130633139626436326231623565343937
32393130366333663564613261656161333637393262636639653235653834313738316331373935
33323466376135643462646463383665326436663439393633386335356562306664303231633839
66353161343930653537316266383333313533393730653930363438663539633330653164376436
31653439613337386239363137633834626330316161333363363264326637346265393931643238
35623137353062383433333938353962313766343338323233323334393531653334666537323630
35623937626566363930343335666338626136313331646562646635653130316336333636376665
66356537643132383065393837366535663462623138373661346263353639303836623337366334
31373137303530313865343239636433653635393834653631333538333066666336633636313730
30346137316436313266656133303464386532633337316164343831343861313331623665333234
37393630353862376334363933646537356666636534323265306532626163363233353134306636
31303162623131353732393230343163633831343939393164386537363865386664303762656136
34613437313961333230626437396335633361373066383662323430616536373739333030383138
63353638333537326432323531303364653232333431303366343932353738326138326365383666
32343031666632353565633432306633636532633635636234663735326138396364656361633035
65396531313165383765353534363062366534656232346338333664373965626463336634333062
36386631353663323566313938323230343430636233373734313136323834356264326433353833
64353135376138373933356337343839323338366164346433396136376533633562663562663863
66363434613431343561616363353362663264363964626134663336613238393330376532333439
62646265316536376637353264643966376635633037636564616334363132396364316364326165
33646639616534386630363430646630306635636262656233396630623130306433303634363033
39326237303032303037636161366232643962376239326564323063306433366263386637666437
39396530633837333166393038303436336237636331386434363831343932373534303565326362
32623763666663663433336639653964343239366563616438303038663930323665363535613964
64383834663332363232313661306531356339363733383637386432666361343937306232376337
33616561316166363733396362366137613464643362343766376466386330643332653537653936
38666331396261363739623362633039616662666335363537633466626135656562303063623664
33616433626535636531333264396630313439656236346331653233643039633531363631386364
39363232626237343664373535313434653836666661343665363161316161643566623461376633
31663430623635616262376434336133313762623637366635623639666562366337616363363963
32616339613037626666363838353336633936356532316235666632333137313230333135663738
30323038333265613436373665663962393464333761303134386130356335356666306365343064
61333432663634343763666431626437666632333565653632383431316136653334373365336339
30323761623761316232393230626537663234336464646563616633333638306236663334643066
65613839346361313061343563386638366431393564316664393033326164383836383262646638
31646630313331633466366563323661306338353232346632393465383330643439663735366165
38306636376463653431346138346634643732613063313238616633383462633733336135613238
36646635643239386431663561383364343439313131333464383037376664633636356539393365
66616264323861383361653564623030373363373332313438666466353661353138313338343635
65353765623465393335663966643861633361653733363037393630613534303634366539363632
39663130653265346537313933376461643630306663336161626431643165363937633639326335
36393763313736343537663136356234353632643735336366393461366339323536343665323531
66646661313265623434396531313064306237383735613766303061343730623832323063376335
62666439623738303631626162353839616139313165643666306531383638653130336533393037
38306335636632613536616661333030643134323639623432363937343038323632303564323537
31323365323864383563663466393639616661653863633661323730633963316665653330333761
62666566303334346532303162376335626139613762363965316334383166353262366664616134
66373035356435316464303735623764366436306131656164343931326464373336623861336139
38336465633434316531626139323163323835356166636239626266343762353934306630336134
30626533303065653962633063666539666636636433666364326337313265326636643638626632
31353964646463353636653337383339393531323531323235356365636538336333373930333431
38373163633564646534653336623466303739316434323733316438356365663339636364353461
64373763383630343339633862316532303532383031373836343030656234626230363438623931
33636564313862393566633263633330643139323938633964316466623635396331396265646530
33643331653865376261363032373237656334346331373035623362643837646465323266373061
63616238336430633833666230656339636334653261353362616131343032306532643561363062
66656461323634313830306564383333633637643039306663343266343938383339653163346565
39353931313861653538326262376530393765313635663666326537616662636331383235343338
31396432333462646632653930313535653065383266363035633238623664653233383561626431
32373761643836323233376134386632323532396430643633306433613037386136643061666162
61353261666130366535326561653432663561666165313766386134323634393662363236653637
37386564616462323632313364323939363766353866373866343739633236653238663035366633
64333966356439333430386462393466613466316263646232303962666239333034656661626163
31313963626466383533396464346335373061336630323462643932323461363161616633636461
33326631646466633838383431636261656235663434373931623963646537616438356332656531
39316566346136326262613039643730373831646537303333353131383562306334613634643931
39643364306137356636613764636336326364653761646434383331653663323162316662303034
39336534666461663032383433666264336635303839313861346564626361653735663235616334
36313330363964616437323239313837386133646538383635643561653338376239633137326466
34646333313933326462646463303634393665353537343937386564613930623133323039653939
63393734333861643137636334333166326438623166346230643335653363623331633333343637
62386437656632613430373433626431323236316566636639393236386231376538356166323164
32373832353666313633373934383636383462353739653566393831653537313863326266343935
32303737373035326639313131373436353837393338623239623063646261373764373931363635
65383938303761623965393137653231383130373834633663356430346234653133613362316436
39616237623861356636666638613932343736636662313536373762656332373465663461613134
31336639373537303161333761633839313235313964383231303037393437323132313430356638
32363936623331376338633635663138643538666330393666373136623635393961383637373966
35326139653039363933616636643266353634643939306236326635663336656636383035633435
65343665613762646337346437383838353434353136393133316162663532353265373865626566
62366532626565666561356535393664643533653663643061656166613034386561393665653836
30666536623535643434383236396233376562333737313630643837303530376230336664353631
62346663633133393636396461313165383465633638653462633434653436663438356634656563
66306239366331383231366239336633353532643433353861396135363335396163
